 -2 0 6 .false. 0.8
65.98456824
12.09819836
3.384639924
1.162715163
0.451516322
0.185959356

 -1 0 6 .false. 0.6
35.52322122
6.513143725
1.822142904
0.625955266
0.243076747
0.100112428

 -4 3 6 .false. 0.6
312.8704937
57.36446253
16.0485094
5.513096119
2.140896553
0.8817394283

-3 2 6 .false. 0.6
167.1758462
30.6515084
8.575187477
2.945808337
1.143943581
0.4711391391

-10 0 6 .true. 0.6
2146.955475
393.6419362
110.1268283
37.83153777
14.69109318
6.050603466




 -4 0 6 .true. 0.6
312.8704937
57.36446253
16.0485094
5.513096119
2.140896553
0.8817394283




65.98456824
12.09819836
3.384639924
1.162715163
0.451516322
0.185959356






35.52322122
6.513143725
1.822142904
0.625955266
0.243076747
0.100112428



